217.gif 87 137 133 125 118 166 102 184 127 187 148 170
221.gif 129 173 218 147 189 215 162 250 195 243 227 235
3.gif 123 163 186 149 170 202 141 229 173 227 196 218
af2206b.gif 146 125 204 138 168 175 139 181 161 194 182 194
af5302a.gif 184 48 202 55 186 63 176 65 183 73 195 73
am4945a.gif 129 184 187 176 171 224 148 252 173 245 195 246
am5020a.gif 93 110 137 102 121 138 105 152 124 151 141 146
am5399c.gif 67 68 89 57 82 80 80 91 84 88 94 86
am5438a.gif 137 137 192 155 157 200 125 203 149 214 167 218
am5438b.gif 151 58 176 67 157 82 143 79 153 88 163 89
am5528a.gif 100 102 144 114 112 144 86 149 107 164 132 162
am6227a.gif 130 108 172 122 139 150 114 158 133 165 146 169
ashley1.gif 81 84 103 61 108 87 103 103 118 97 121 82
bf5275a.gif 99 105 134 113 111 126 97 134 109 140 122 141
bm5205a.gif 105 93 144 106 115 119 99 128 112 134 128 138
bm6290a.gif 113 105 157 118 129 137 107 154 122 156 134 161
boerli01.gif 134 140 197 117 180 167 158 195 185 188 209 178
cast1.gif 157 167 144 211 130 183 116 157 110 177 104 194
cast1.gif 151 277 184 298 157 308 135 315 148 321 158 329
cast1.gif 263 309 297 291 290 316 285 341 297 332 312 326
cast1.gif 385 211 378 176 401 190 420 201 415 187 415 170
cast1.gif 273 146 235 147 252 119 268 104 252 105 237 106
cyndi4.gif 92 81 115 69 112 94 106 102 117 100 125 92
dole2.gif 64 51 94 59 71 75 54 81 68 88 87 90
eliz2.gif 112 69 134 58 130 81 125 91 135 90 146 79
har-bwolen-hcwong-image7.gif 35 128 46 121 43 132 42 140 47 137 53 133
har-bwolen-hcwong-image7.gif 123 94 148 92 137 112 126 121 138 122 148 121
har-bwolen-hcwong-image7.gif 217 126 227 147 209 143 197 139 202 147 205 155
har-wet.gif 285 343 298 334 297 348 294 354 299 353 306 348
jprc.gif 133 306 155 326 130 333 112 334 123 344 132 352
jprc.gif 195 442 228 432 218 457 209 471 222 468 235 463
jprc.gif 274 390 288 362 302 391 305 403 311 397 314 387
jprc.gif 319 292 312 260 336 272 347 283 349 271 343 258
jprc.gif 330 158 300 153 320 131 331 123 321 121 308 121
jprc.gif 227 189 209 217 199 190 196 174 189 185 182 196
kaari.rot.gif 148 69 168 67 158 82 153 92 159 91 165 91
kaari.rot.gif 198 183 237 164 230 202 220 221 238 218 251 203
mapakent.gif 71 87 85 100 72 100 60 99 66 105 72 110
mapakent.gif 81 51 97 42 93 57 90 66 95 63 104 60
married2.gif 56 64 75 60 74 76 65 84 75 82 79 80
married2.gif 112 46 131 35 125 55 121 64 129 63 139 56
mir.gif 219 183 232 209 207 207 196 198 197 209 204 218
mir.gif 227 344 253 339 243 360 234 370 245 371 258 366
mir.gif 261 89 290 84 279 105 267 112 278 114 288 109
mir.gif 403 82 426 64 423 90 418 104 431 100 438 90
mir.gif 347 299 321 285 345 276 357 277 349 271 339 266
mir2.gif 248 165 264 176 249 181 239 179 244 185 252 189
mir2.gif 301 209 319 214 307 223 298 226 303 229 309 232
mir2.gif 352 213 369 214 361 222 353 228 360 231 365 229
mir2.gif 396 217 415 213 408 227 403 232 410 233 416 229
mir2.gif 430 143 451 137 445 153 439 160 446 160 453 157
mir2.gif 270 294 289 298 278 307 269 313 276 316 285 316
mir2.gif 335 308 354 307 345 320 339 325 345 327 351 325
mir2.gif 416 290 431 287 425 301 421 308 427 308 434 306
pict_28.gif 78 157 124 138 115 187 101 206 127 206 147 186
pict_6.gif 155 99 194 114 162 139 141 147 155 154 171 158
rot-mei-family.gif 2052 571 2075 558 2072 581 2067 590 2077 588 2086 580
rot-mei-family.gif 1649 318 1664 307 1661 317 1659 325 1663 322 1668 320
rot-mei-family.gif 1568 382 1581 377 1578 387 1574 394 1580 393 1585 390
rot-mei-family.gif 1778 322 1791 314 1792 328 1789 335 1795 333 1799 329
rot-mei-family.gif 1880 301 1890 298 1887 303 1884 309 1888 309 1892 308
rot-mei-family.gif 1904 259 1919 252 1915 265 1913 273 1917 270 1922 267
rot-mei-family.gif 1988 206 2000 198 1999 210 1998 219 2002 216 2008 213
rot-mei-family.gif 2058 152 2073 144 2071 159 2070 166 2075 163 2079 160
rot-mei-family.gif 2145 93 2159 85 2157 98 2157 108 2161 104 2166 103
rot-mei-family.gif 2260 77 2273 70 2272 82 2270 90 2276 87 2282 83
rot-mei-family.gif 2173 265 2187 259 2185 272 2183 278 2188 276 2191 273
rot-mei-family.gif 2187 225 2202 217 2200 234 2198 241 2205 239 2210 233
rot-mei-family.gif 2290 158 2305 153 2301 167 2298 177 2304 175 2311 172
rot-mei-family.gif 2063 279 2078 271 2077 285 2074 295 2081 292 2087 287
rot-mei-family.gif 2308 298 2330 288 2324 306 2320 314 2329 312 2336 305
rot-mei-family.gif 2217 344 2237 338 2228 352 2226 362 2231 361 2238 358
rot-mei-family.gif 2336 388 2359 380 2356 395 2348 408 2357 405 2366 403
rot-mei-family.gif 2420 364 2439 354 2437 374 2431 383 2441 381 2449 376
rot-mei-family.gif 2269 480 2292 468 2289 488 2282 500 2294 498 2300 488
rot-mei-family.gif 2092 407 2113 399 2107 415 2103 423 2110 423 2115 418
rot-mei-family.gif 2025 450 2043 440 2040 457 2037 466 2043 464 2051 459
rot-mei-family.gif 1973 356 1989 347 1985 362 1984 372 1990 369 1996 365
rot-mei-family.gif 1881 394 1898 388 1895 402 1891 410 1899 409 1906 404
rot-mei-family.gif 1793 436 1806 429 1804 441 1801 451 1807 448 1813 444
rot-mei-family.gif 1911 500 1931 490 1928 506 1926 516 1931 513 1938 509
rot-mei-family.gif 2167 517 2193 513 2182 530 2173 540 2183 542 2195 537
rot-mei-family.gif 1998 623 2024 611 2018 633 2012 643 2024 643 2032 633
rot-mei-family.gif 2187 647 2209 637 2205 654 2198 663 2207 662 2217 656
rot-mei-family.gif 1914 672 1936 659 1931 679 1927 688 1936 687 1943 680
rot-mei-family.gif 1707 372 1719 365 1718 378 1716 386 1721 385 1726 380
rot-mei-family.gif 1634 419 1647 412 1647 426 1645 435 1650 432 1655 429
rot-mei-family.gif 2063 825 2085 816 2078 830 2080 846 2085 843 2091 842
rot-mei-family.gif 1957 922 1977 912 1972 928 1972 938 1977 936 1983 934
rot-mei-family.gif 1808 903 1831 893 1826 910 1820 922 1829 921 1835 915
rot-mei-family.gif 1757 733 1779 718 1777 740 1775 752 1780 748 1785 743
rot-mei-family.gif 1830 686 1847 676 1847 694 1845 705 1852 703 1859 696
rot-mei-family.gif 1782 596 1802 586 1798 603 1795 613 1803 611 1809 606
rot-mei-family.gif 1706 497 1722 489 1720 504 1718 512 1723 512 1728 507
rot-mei-family.gif 1803 534 1822 525 1820 546 1814 553 1823 551 1831 545
rot-mei-family.gif 1667 630 1683 618 1683 634 1682 644 1688 642 1695 637
rot-mei-family.gif 1628 549 1645 540 1643 555 1640 562 1645 561 1652 555
rot-mei-family.gif 1567 478 1580 469 1580 481 1578 489 1583 487 1589 482
rot-mei-family.gif 1454 455 1466 451 1464 459 1464 466 1469 466 1471 463
rot-mei-family.gif 1457 486 1466 482 1465 488 1462 494 1467 493 1471 489
rot-mei-family.gif 1491 521 1508 514 1502 526 1500 532 1506 531 1512 529
rot-mei-family.gif 1668 787 1686 777 1685 797 1680 807 1688 805 1695 799
rot-mei-family.gif 1677 921 1699 912 1696 930 1690 936 1698 935 1704 931
rot-mei-family.gif 1473 1106 1494 1092 1495 1114 1493 1129 1499 1125 1505 1120
rot-mei-family.gif 1615 1050 1632 1040 1631 1055 1629 1066 1635 1063 1641 1058
rot-mei-family.gif 1475 908 1493 896 1492 918 1488 930 1495 925 1507 920
rot-mei-family.gif 1561 847 1582 839 1579 859 1572 868 1581 868 1589 862
rot-mei-family.gif 1496 757 1516 747 1514 767 1510 775 1517 772 1523 767
rot-mei-family.gif 1580 694 1600 685 1596 703 1592 712 1598 711 1605 705
rot-mei-family.gif 1355 522 1368 515 1367 527 1362 533 1368 532 1374 528
rot-mei-family.gif 1444 556 1460 547 1457 561 1455 567 1459 565 1465 560
rot-mei-family.gif 1546 603 1560 595 1557 607 1555 616 1560 615 1565 612
rot-mei-family.gif 1461 657 1476 649 1474 662 1471 669 1477 667 1482 663
rot-mei-family.gif 1376 685 1393 676 1392 692 1390 700 1395 698 1400 695
rot-mei-family.gif 1361 592 1376 583 1374 597 1373 604 1378 602 1383 599
rot-mei-family.gif 1259 626 1265 618 1266 628 1264 634 1268 633 1270 630
rot-mei-family.gif 1287 628 1304 626 1297 639 1292 645 1299 645 1305 645
rot-mei-family.gif 1246 576 1258 569 1257 580 1256 588 1261 586 1265 584
rot-mei-family.gif 1392 803 1411 791 1410 807 1406 816 1413 813 1418 809
rot-mei-family.gif 1138 636 1153 629 1151 641 1148 648 1153 646 1160 643
rot-mei-family.gif 1178 696 1193 688 1190 699 1188 707 1193 704 1197 701
rot-mei-family.gif 1028 692 1041 684 1039 694 1037 703 1042 701 1047 697
rot-mei-family.gif 1043 782 1059 773 1056 787 1053 794 1060 792 1065 788
rot-mei-family.gif 1131 759 1144 752 1141 764 1140 772 1145 770 1152 766
rot-mei-family.gif 1262 767 1278 755 1279 770 1277 779 1283 776 1287 772
rot-mei-family.gif 1372 868 1389 856 1388 870 1384 882 1392 879 1399 872
rot-mei-family.gif 1277 877 1296 867 1293 883 1290 894 1297 890 1303 888
rot-mei-family.gif 1204 818 1221 810 1217 825 1216 835 1221 831 1229 827
rot-mei-family.gif 1127 861 1145 851 1145 866 1142 876 1148 873 1154 869
rot-mei-family.gif 899 734 909 727 909 737 908 744 911 741 914 738
rot-mei-family.gif 820 825 833 821 831 832 827 838 834 838 839 833
rot-mei-family.gif 930 779 942 770 942 783 939 789 944 788 948 782
rot-mei-family.gif 679 898 694 892 690 901 686 910 693 908 698 906
rot-mei-family.gif 1265 1265 1286 1254 1285 1273 1279 1282 1287 1281 1293 1275
rot-mei-family.gif 1397 1255 1414 1242 1412 1255 1411 1267 1415 1264 1421 1259
rot-mei-family.gif 1355 969 1375 960 1371 980 1369 992 1377 988 1385 984
rot-mei-family.gif 651 1028 666 1016 665 1031 661 1038 668 1036 673 1031
rot-mei-family.gif 700 1418 724 1412 717 1430 710 1439 718 1440 727 1436
rot-mei-family.gif 757 1447 775 1436 770 1447 769 1459 775 1455 781 1452
rot-mei-family.gif 1114 1388 1137 1378 1132 1392 1129 1403 1135 1400 1142 1396
rot-mei-family.gif 101 1291 113 1283 111 1292 109 1299 113 1298 116 1296
rot-mei-family.gif 142 1365 154 1354 156 1365 152 1376 158 1373 164 1369
rot-mei-family.gif 140 1459 162 1450 158 1465 151 1475 160 1472 166 1467
rot-mei-family.gif 171 1546 189 1533 189 1551 184 1561 194 1557 198 1551
rot-mei-family.gif 359 1705 380 1690 380 1710 376 1725 383 1723 390 1717
rot-mei-family.gif 427 1591 449 1581 447 1600 443 1612 450 1609 456 1605
rot-mei-family.gif 526 1538 547 1521 549 1543 544 1556 554 1552 561 1540
rot-mei-family.gif 633 1545 654 1531 653 1549 649 1562 656 1555 662 1551
rot-mei-family.gif 752 1348 773 1336 772 1354 766 1367 775 1362 783 1353
rot-mei-family.gif 853 1317 871 1303 873 1321 865 1333 875 1329 882 1321
rot-mei-family.gif 951 1274 968 1267 966 1287 960 1297 969 1295 974 1291
rot-mei-family.gif 993 1278 1008 1270 1005 1282 1005 1293 1009 1289 1014 1289
rot-mei-family.gif 1044 1229 1048 1209 1061 1220 1068 1233 1070 1222 1073 1215
rot-mei-family.gif 273 1483 292 1470 290 1486 286 1498 294 1494 300 1489
rot-mei-family.gif 237 1393 256 1386 253 1399 249 1408 255 1406 263 1402
rot-mei-family.gif 224 1305 238 1296 238 1306 236 1316 242 1314 246 1310
rot-mei-family.gif 308 1233 323 1222 321 1237 319 1246 326 1243 332 1238
rot-mei-family.gif 374 1434 394 1422 393 1439 387 1448 396 1445 403 1440
rot-mei-family.gif 332 1345 348 1333 349 1352 347 1362 354 1356 360 1351
rot-mei-family.gif 427 1287 443 1272 445 1289 444 1299 449 1296 455 1291
rot-mei-family.gif 502 1363 518 1353 517 1369 514 1382 522 1377 531 1371
rot-mei-family.gif 350 1127 366 1119 363 1132 360 1141 368 1139 372 1135
rot-mei-family.gif 369 1202 382 1193 381 1203 379 1214 386 1210 392 1206
rot-mei-family.gif 437 1155 453 1147 451 1161 449 1172 457 1169 461 1163
rot-mei-family.gif 541 1009 556 1001 554 1013 551 1020 556 1017 561 1014
rot-mei-family.gif 458 1068 466 1055 470 1067 476 1073 477 1069 480 1065
rot-mei-family.gif 794 928 809 921 808 933 806 941 812 938 816 935
rot-mei-family.gif 961 838 976 829 975 841 973 851 979 847 984 844
rot-mei-family.gif 1054 916 1065 905 1069 916 1066 926 1071 922 1075 918
rot-mei-family.gif 1117 971 1135 959 1136 978 1133 989 1139 985 1146 978
rot-mei-family.gif 1264 1001 1286 991 1280 1009 1276 1019 1283 1018 1290 1014
rot-mei-family.gif 1203 933 1220 922 1220 938 1219 949 1226 946 1232 940
rot-mei-family.gif 1220 1072 1242 1062 1240 1079 1232 1089 1242 1088 1249 1081
rot-mei-family.gif 1132 1147 1153 1135 1151 1149 1145 1162 1154 1159 1162 1153
rot-mei-family.gif 868 871 883 862 883 877 880 884 885 881 891 878
rot-mei-family.gif 968 947 983 938 983 951 979 960 986 957 993 953
rot-mei-family.gif 1032 1015 1049 1005 1051 1023 1046 1033 1053 1030 1059 1026
rot-mei-family.gif 580 1059 595 1050 594 1062 591 1071 598 1068 604 1065
rot-mei-family.gif 523 1107 538 1096 538 1110 537 1118 542 1115 547 1111
rot-mei-family.gif 722 985 737 980 735 989 728 999 737 997 743 992
rot-mei-family.gif 812 1036 828 1025 828 1040 825 1052 832 1047 839 1040
rot-mei-family.gif 889 995 905 983 906 1000 903 1008 909 1003 914 1000
rot-mei-family.gif 878 1167 896 1156 895 1173 892 1184 900 1181 905 1172
rot-mei-family.gif 786 1210 803 1199 803 1215 800 1226 806 1224 811 1220
rot-mei-family.gif 742 1076 757 1064 758 1080 757 1090 764 1086 767 1082
rot-mei-family.gif 654 1131 670 1121 671 1135 669 1145 675 1142 680 1136
rot-mei-family.gif 511 1229 524 1219 526 1232 522 1243 529 1239 535 1232
rot-mei-family.gif 587 1197 603 1186 602 1201 598 1211 604 1209 610 1201
rot-mei-family.gif 679 1235 696 1224 694 1241 691 1251 699 1247 707 1242
rot-mei-family.gif 594 1301 610 1289 611 1305 607 1316 614 1312 622 1305
rot-mei-family.gif 963 1084 981 1074 982 1092 977 1102 984 1099 989 1093
rot1.gif 329 15 324 52 299 30 294 11 286 28 288 44
rot1.gif 292 225 293 262 265 242 256 227 256 241 254 257
rot1.gif 166 171 167 202 146 187 137 176 137 188 138 199
rot1.gif 194 559 203 531 221 552 226 566 230 556 232 546
rot1.gif 163 412 147 413 155 403 160 399 154 398 149 400
rot1.gif 242 406 227 409 232 399 237 393 231 393 226 395
rot1.gif 313 402 300 406 304 395 309 391 302 391 297 394
rot10.gif 194 149 222 138 210 164 208 176 214 173 226 171
rot11.gif 76 48 94 40 90 58 87 66 92 64 101 58
rot12.gif 93 244 111 239 103 259 101 270 105 268 113 267
rot2.gif 281 111 291 96 293 112 296 122 301 116 305 108
rot3.gif 75 106 99 113 82 131 67 134 78 141 89 140
rot4.gif 176 86 185 78 184 88 185 96 188 93 191 91
rot5.gif 111 158 136 165 120 180 102 182 113 188 126 188
rot5.gif 212 154 236 142 229 168 224 179 233 177 244 172
rot6.gif 121 115 133 106 133 119 132 126 137 122 142 119
rot6.gif 93 83 105 81 100 92 97 94 101 95 106 93
rot6.gif 42 77 56 75 51 85 45 88 52 89 57 87
rot6.gif 196 68 208 69 201 75 195 79 200 81 206 81
rot6.gif 297 65 311 65 303 72 298 79 303 79 308 78
rot6.gif 380 75 394 72 387 84 383 89 388 89 394 87
rot6.gif 444 104 457 107 447 113 442 115 446 117 452 117
rot7.gif 249 110 270 135 254 137 233 138 247 147 251 160
rot8.gif 362 161 414 178 379 206 350 209 370 218 391 225
rot9.gif 388 205 387 223 377 214 371 209 370 213 370 218
sbCelSte.gif 115 174 183 207 127 241 94 242 116 263 141 265
sbCelSte.gif 294 264 347 234 339 290 324 311 350 309 374 286
siggi.gif 43 71 67 58 66 85 60 93 69 90 80 82
tf5189a.gif 120 101 163 119 131 140 107 144 123 158 143 159
tf5581a.gif 83 171 151 198 94 238 68 237 87 262 131 260
tm6109a.gif 109 86 151 99 121 122 98 129 114 140 132 140
werbg04.gif 100 190 179 164 162 244 131 265 167 261 206 241
